84041,420244.5,4547731.5
84148,429092.0,4512278.3
84025,425651.3,4537051.3
84520,549893.3,4377258.0
84327,417966.8,4634967.0
84791,275505.8,4109801.9
84044,407620.0,4507284.5
84752,331519.4,4231180.5
84021,551271.6,4446091.0
84316,379469.0,4625221.5
84412,418775.3,4568451.3
84723,388249.6,4225621.2
84319,428891.0,4609515.5
84323,430416.9,4620715.8
84635,355929.1,4354136.5
84050,442951.8,4543354.5
84052,579838.6,4449761.2
84098,454084.6,4508381.7
84329,306338.4,4632471.5
84663,448122.6,4446443.7
84534,650603.7,4125025.3
84501,516207.1,4383161.5
84029,376048.0,4495371.2
84740,392942.6,4232939.7
84125,420632.5,4508783.7
84320,429031.8,4647342.8
84531,600524.2,4112223.6
84771,270461.1,4110301.0
84130,420632.5,4508783.7
84317,436198.7,4567373.8
84662,457363.0,4369993.8
84744,423273.5,4262787.0
84655,433053.0,4425340.2
84138,420632.5,4508783.7
84622,429237.1,4331351.7
84047,424501.9,4495961.0
84751,324322.3,4251364.0
84150,424810.6,4513663.3
84328,430297.8,4602461.0
84656,404732.7,4344841.8
84602,445011.7,4455733.2
84542,523506.5,4376978.2
84013,406356.8,4464380.8
84118,416584.3,4500497.0
84143,425762.2,4514545.5
84145,424236.7,4513058.2
84315,405704.5,4557573.7
84623,451750.5,4369747.0
84523,488410.6,4326878.5
84054,423427.2,4521857.3
84079,623545.4,4479430.8
84091,426184.6,4493680.8
84630,426142.2,4342144.7
84735,373479.3,4168262.8
84660,444460.0,4441445.2
84733,254575.3,4129641.8
84651,437572.0,4432213.3
84134,420211.2,4513823.8
84536,570701.8,4096444.8
84001,560470.7,4467720.2
84665,440194.5,4338508.0
84720,318192.2,4172650.4
84007,566283.3,4467856.5
84736,412092.5,4157749.0
84318,431505.9,4627738.0
84627,449565.7,4357084.5
84037,420979.3,4543669.8
84325,418696.8,4618070.0
84033,458043.0,4540870.7
84032,465189.1,4484310.0
84654,425653.3,4312442.0
84780,277005.9,4112284.0
84144,424746.4,4513465.2
84603,443821.2,4453745.3
84066,586088.2,4461374.0
84326,431389.7,4615130.8
84742,307074.3,4156717.1
84080,377459.1,4439581.8
84086,486344.4,4596761.0
84657,416135.5,4300832.7
84521,515682.2,4360012.0
84083,243604.9,4513755.5
84510,661251.3,4120208.9
84621,428934.6,4323219.8
84652,425006.6,4317765.5
84634,429229.3,4334432.3
84774,297198.6,4125231.5
84095,420530.3,4491154.5
84311,407250.9,4629766.2
84060,458100.1,4499321.0
84636,390214.4,4328354.0
84516,491590.5,4331394.0
84539,552726.1,4378127.8
84038,473037.6,4630428.5
84790,275505.8,4109801.9
84647,460697.1,4377628.8
84757,295890.1,4150581.5
84127,420632.5,4508783.7
84071,384388.8,4478536.2
84039,602205.2,4473267.5
84637,375132.9,4295822.8
84011,425861.1,4526854.7
84631,385470.8,4314134.0
84761,338961.6,4189752.3
84773,458417.3,4237254.3
84330,404989.9,4636556.8
84049,459701.0,4484711.8
84340,413302.5,4584322.0
84133,420632.5,4508783.7
84067,413931.5,4558627.8
84605,444369.7,4452497.0
84158,430251.4,4511427.5
84061,443841.0,4453748.2
84737,295075.4,4117129.0
84711,407804.2,4284957.8
84755,352286.6,4123518.3
84629,462799.3,4386780.3
84710,368751.3,4144320.1
84132,429109.8,4513669.2
84097,442682.2,4458515.5
84046,607421.5,4538639.8
84301,406092.0,4608091.2
84136,425036.1,4513422.2
84715,452613.2,4243548.2
84062,436971.9,4468144.0
84069,376752.4,4468229.5
84701,405743.8,4291741.2
84633,422962.5,4422691.0
84014,426039.0,4530311.7
84646,449761.7,4375196.0
84653,442806.0,4434355.8
84409,417368.3,4561088.5
84762,352960.5,4155302.5
84020,426288.9,4486585.0
84644,377691.6,4305215.3
84530,652349.1,4241759.0
84307,407436.4,4600320.7
84332,431013.7,4617928.7
84043,428382.5,4471177.0
84724,400088.1,4282373.0
84027,519169.0,4449534.5
84189,424550.4,4513295.7
84201,416017.4,4566316.8
84090,429423.2,4492785.2
84026,597005.5,4460549.3
84308,420949.9,4647487.2
84750,392314.4,4256231.3
84072,524604.3,4467188.0
84712,412592.7,4219371.8
84117,430478.3,4502065.5
84341,431526.1,4623879.2
84522,479090.3,4308451.5
84070,424138.0,4491369.5
84747,443906.6,4250883.8
84055,475801.6,4507857.8
84649,384923.1,4359124.0
84110,424236.7,4513058.2
84638,389711.8,4376875.2
84078,623545.4,4479430.8
84337,403018.9,4618276.8
84759,373486.2,4187243.5
84726,446724.1,4180514.0
84730,414038.3,4290788.0
84322,432808.4,4621829.5
84074,390001.8,4487610.7
84053,582196.1,4476355.8
84334,404459.0,4626869.0
84639,425942.4,4378928.8
84734,524865.9,4247000.5
84190,424995.6,4508651.5
84763,318997.4,4114714.0
84767,322234.1,4117077.5
84312,403332.1,4621660.3
84772,329260.2,4185509.4
84180,420632.5,4508783.7
84746,290649.8,4123973.3
84729,358531.2,4131343.5
84515,645637.3,4314698.0
84084,418162.0,4495518.7
84305,413251.7,4641638.0
84035,640120.9,4469658.3
84525,572865.5,4316610.3
84085,597206.9,4479212.8
84116,420718.2,4515537.3
84017,466522.2,4529332.8
84758,354828.1,4126638.5
84028,467430.2,4643611.8
84131,420632.5,4508783.7
84082,463937.7,4470883.0
84749,448491.1,4249811.2
84643,438729.6,4329816.3
84151,424236.7,4513058.2
84006,407276.9,4491159.7
84402,418645.8,4563167.0
84760,344001.5,4194374.5
84310,431977.8,4572138.8
84721,318192.2,4172650.4
84016,414435.3,4549189.8
84626,418334.0,4422816.2
84784,324750.2,4097063.0
84126,420632.5,4508783.7
84725,260033.9,4161890.8
84338,421951.4,4640774.8
84065,420231.1,4486152.5
84171,430239.6,4497590.0
84765,264218.9,4112863.4
84199,420632.5,4508783.7
84068,456647.5,4501572.5
84667,445109.4,4371311.8
84624,364871.0,4356889.5
84030,600588.3,4461901.0
84244,416017.4,4566323.8
84109,431632.0,4505620.3
84716,463072.4,4195533.2
84059,440462.4,4461001.0
84003,432148.9,4470023.5
84184,427325.0,4497363.8
84620,418757.8,4308374.7
84728,237043.6,4315093.0
84526,512466.9,4393136.7
84640,381865.1,4375251.3
84122,417419.8,4514401.3
84165,424479.9,4506057.5
84139,425273.4,4513282.3
84415,420248.0,4559102.5
84718,406871.0,4158105.3
84512,627990.5,4127442.4
84537,495351.6,4341713.5
84518,512237.7,4355468.5
84147,425033.1,4513653.0
84157,424923.8,4501725.8
84511,634308.9,4165476.0
84036,476163.6,4499349.0
84745,298348.7,4119755.5
84314,409994.0,4609934.3
84114,420632.5,4508783.7
84642,445059.9,4346655.3
84056,417595.5,4551411.0
84776,404481.4,4164688.9
84741,364078.5,4101217.6
84141,424790.4,4512812.0
84170,415829.0,4505580.0
84632,445018.2,4386874.8
84092,429423.2,4492785.2
84333,432950.5,4641475.0
84540,611523.0,4314304.8
84339,422301.3,4610097.3
84152,427413.3,4508911.0
84535,645766.0,4192670.8
84628,404317.5,4423376.7
84713,356361.1,4237466.8
84743,395953.7,4229571.5
84022,351646.9,4454096.2
84034,245385.6,4436000.7
84336,358080.6,4647361.5
84089,413897.1,4552075.0
84031,520589.4,4472099.0
84153,420625.3,4508787.3
84764,396872.7,4165145.0
84302,415076.6,4595850.0
84756,275194.5,4172324.1
84719,337071.4,4173321.25
84754,402657.2,4275600.05
84096,420231.1,4486152.45
